# UWT Electron g-Factor and Starship Lift Data
g_factor: 2.0023193040000322
g_factor_PDG: 2.002319304361
error: 1.8e-11%
a_e: 0.0011596520000161
a_e_PDG: 0.001159652181
starship_lift: 15x (mass reduction via Δm/m)
delta_m_m_current: 4.93e-52 (SQUID-BEC sim, ε=1e-30)
delta_m_m_target: 1e-5 (for 15x lift)
parameters:
  beta: 0.01
  t_QED: 1e-20 s
  phi1: 0.00095
  k_wave: 0.00235
  epsilon: [1e-30, 1e-28, 1e-27]
  alpha: 10
